LIMA
-76.92003 -12.01971
-77.06516 -12.08145
-77.11564 -12.00736
-77.19136 -11.5129
-76.61715 -11.49434
-76.40892 -11.88383
-75.93283 -12.48074
-76.37242 -13.13394
-77.58226 -11.13596
-76.99884 -10.48741
-76.77408 -10.68494
-76.9845 -10.50152
-77.75441 -10.78366
-77.76397 -10.69905
Ica
-76.12895 -13.43898
-75.96664 -13.72509
-76.21349 -13.72509
-75.73671 -13.9813
-75.72656 -14.06992
-75.18891 -14.54854
Arequipa
-73.36691 -15.7984
-72.65159 -15.84868
-72.48674 -16.09502
-72.70458 -16.63171
